              precision    recall  f1-score   support

           0       0.92      0.91      0.92      3547
           1       0.66      0.85      0.74      3504
           2       0.57      0.62      0.60      3549
           3       0.58      0.55      0.57      3551
           4       0.66      0.55      0.60      3570
           5       0.66      0.66      0.66      3517
           6       0.58      0.54      0.56      3462
           7       0.48      0.45      0.46      3512
           8       0.35      0.40      0.37      3598
           9       0.35      0.30      0.32      3469
          10       0.30      0.42      0.35      3499
          11       0.36      0.28      0.31      3504
          12       0.37      0.37      0.37      3571
          13       0.37      0.35      0.36      3520
          14       0.33      0.32      0.33      3561
          15       0.29      0.17      0.22      3527
          16       0.26      0.26      0.26      3567
          17       0.20      0.31      0.25      3610
          18       0.17      0.21      0.19      3513
          19       0.29      0.23      0.26      3577
          20       0.16      0.23      0.19      3567
          21       0.16      0.18      0.17      3520
          22       0.12      0.13      0.12      3578
          23       0.10      0.12      0.11      3465
          24       0.11      0.06      0.08      3572
          25       0.10      0.10      0.10      3437
          26       0.10      0.12      0.11      3502
          27       0.10      0.11      0.10      3500
          28       0.08      0.08      0.08      3479
          29       0.08      0.11      0.09      3583
          30       0.08      0.10      0.08      3587
          31       0.08      0.10      0.09      3586
          32       0.06      0.07      0.07      3554
          33       0.07      0.09      0.07      3516
          34       0.06      0.06      0.06      3553
          35       0.06      0.06      0.06      3593
          36       0.06      0.07      0.07      3558
          37       0.06      0.05      0.06      3510
          38       0.07      0.05      0.06      3525
          39       0.07      0.06      0.06      3596
          40       0.07      0.05      0.06      3472
          41       0.07      0.08      0.08      3540
          42       0.06      0.08      0.07      3561
          43       0.06      0.05      0.05      3554
          44       0.06      0.03      0.04      3558
          45       0.05      0.02      0.03      3536
          46       0.07      0.04      0.05      3621
          47       0.06      0.06      0.06      3532
          48       0.06      0.04      0.05      3567
          49       0.07      0.06      0.06      3562
          50       0.07      0.05      0.06      3482
          51       0.07      0.05      0.06      3558
          52       0.06      0.07      0.06      3559
          53       0.06      0.04      0.05      3668
          54       0.06      0.05      0.05      3461
          55       0.08      0.07      0.07      3553
          56       0.08      0.05      0.06      3557
          57       0.08      0.08      0.08      3531
          58       0.08      0.09      0.08      3529
          59       0.08      0.07      0.08      3493
          60       0.06      0.06      0.06      3621
          61       0.07      0.08      0.07      3557
          62       0.09      0.11      0.10      3610
          63       0.09      0.09      0.09      3552
          64       0.09      0.08      0.08      3500
          65       0.08      0.06      0.07      3542
          66       0.09      0.07      0.08      3551
          67       0.08      0.09      0.08      3485
          68       0.07      0.06      0.07      3552
          69       0.08      0.09      0.08      3581
          70       0.10      0.10      0.10      3506
          71       0.09      0.10      0.09      3525
          72       0.08      0.06      0.07      3550
          73       0.09      0.10      0.09      3468
          74       0.10      0.10      0.10      3598
          75       0.10      0.11      0.10      3579
          76       0.08      0.09      0.09      3454
          77       0.10      0.10      0.10      3495
          78       0.10      0.11      0.10      3481
          79       0.11      0.10      0.10      3557
          80       0.10      0.12      0.11      3424
          81       0.12      0.11      0.12      3557
          82       0.12      0.12      0.12      3545
          83       0.15      0.17      0.16      3500
          84       0.18      0.24      0.21      3589
          85       0.25      0.25      0.25      3523
          86       0.27      0.31      0.29      3504
          87       0.28      0.33      0.30      3500
          88       0.28      0.31      0.29      3600
          89       0.24      0.30      0.27      3570
          90       0.27      0.23      0.25      3564
          91       0.33      0.23      0.27      3515
          92       0.36      0.34      0.35      3457
          93       0.41      0.36      0.38      3584
          94       0.39      0.31      0.35      3541
          95       0.28      0.33      0.31      3553
          96       0.28      0.33      0.30      3661
          97       0.35      0.29      0.32      3556
          98       0.41      0.45      0.43      3605
          99       0.64      0.67      0.66      3485

    accuracy                           0.19    354000
   macro avg       0.19      0.19      0.19    354000
weighted avg       0.19      0.19      0.19    354000
